
 0.00000 0.00000 0.00000 -119958850177499980000000000000000000000000000000000000000000000000000000000000000000000000.00000
 0.00000 0.00000 4.50000 -125945924220804040000000000000000000000000000000000000000000000000000000000000000000000000.00000
 0.00000 0.00000 9.00000 -79729538988944610000000000000000000000000000000000000000000000000000000000000000000000000.00000
 0.00000 0.00000 13.50000 -6355348222548647500000000000000000000000000000000000000000000000000000000000000000000000.00000
 0.00000 0.00000 18.00000 53270028946680950000000000000000000000000000000000000000000000000000000000000000000000000.00000
 0.00000 4.50000 0.00000 -71795704152433450000000000000000000000000000000000000000000000000000000000000000000000000.00000
 0.00000 4.50000 4.50000 -66086666461278300000000000000000000000000000000000000000000000000000000000000000000000000.00000
 0.00000 4.50000 9.00000 -26411662370824704000000000000000000000000000000000000000000000000000000000000000000000000.00000
 0.00000 4.50000 13.50000 16684062663790180000000000000000000000000000000000000000000000000000000000000000000000000.00000
 0.00000 4.50000 18.00000 25213012600831384000000000000000000000000000000000000000000000000000000000000000000000000.00000
 0.00000 9.00000 0.00000 -22781281266213045000000000000000000000000000000000000000000000000000000000000000000000000.00000
 0.00000 9.00000 4.50000 -25314910183975650000000000000000000000000000000000000000000000000000000000000000000000000.00000
 0.00000 9.00000 9.00000 1106069344410643300000000000000000000000000000000000000000000000000000000000000000000000.00000
 0.00000 9.00000 13.50000 24181628026668640000000000000000000000000000000000000000000000000000000000000000000000000.00000
 0.00000 9.00000 18.00000 7527865429429895000000000000000000000000000000000000000000000000000000000000000000000000.00000
 0.00000 13.50000 0.00000 2427091125735057000000000000000000000000000000000000000000000000000000000000000000000000.00000
 0.00000 13.50000 4.50000 -16284908260653092000000000000000000000000000000000000000000000000000000000000000000000000.00000
 0.00000 13.50000 9.00000 6550536704215454000000000000000000000000000000000000000000000000000000000000000000000000.00000
 0.00000 13.50000 13.50000 38711361369208500000000000000000000000000000000000000000000000000000000000000000000000000.00000
 0.00000 13.50000 18.00000 41084549774073080000000000000000000000000000000000000000000000000000000000000000000000000.00000
 0.00000 18.00000 0.00000 -10505311830263624000000000000000000000000000000000000000000000000000000000000000000000000.00000
 0.00000 18.00000 4.50000 -38483459582052020000000000000000000000000000000000000000000000000000000000000000000000000.00000
 0.00000 18.00000 9.00000 3287259867999072000000000000000000000000000000000000000000000000000000000000000000000000.00000
 0.00000 18.00000 13.50000 82274486497297140000000000000000000000000000000000000000000000000000000000000000000000000.00000
 0.00000 18.00000 18.00000 151128854341064520000000000000000000000000000000000000000000000000000000000000000000000000.00000
 4.50000 0.00000 0.00000 -33814667212040740000000000000000000000000000000000000000000000000000000000000000000000000.00000
 4.50000 0.00000 4.50000 -51556999494006170000000000000000000000000000000000000000000000000000000000000000000000000.00000
 4.50000 0.00000 9.00000 -18276930420074906000000000000000000000000000000000000000000000000000000000000000000000000.00000
 4.50000 0.00000 13.50000 35196493948610570000000000000000000000000000000000000000000000000000000000000000000000000.00000
 4.50000 0.00000 18.00000 63708390873599980000000000000000000000000000000000000000000000000000000000000000000000000.00000
 4.50000 4.50000 0.00000 -37224124088917230000000000000000000000000000000000000000000000000000000000000000000000000.00000
 4.50000 4.50000 4.50000 -33337657717735190000000000000000000000000000000000000000000000000000000000000000000000000.00000
 4.50000 4.50000 9.00000 36168873931309466000000000000000000000000000000000000000000000000000000000000000000000.00000
 4.50000 4.50000 13.50000 24060815404746790000000000000000000000000000000000000000000000000000000000000000000000000.00000
 4.50000 4.50000 18.00000 -3632577068434941200000000000000000000000000000000000000000000000000000000000000000000000.00000
 4.50000 9.00000 0.00000 -19447091218078748000000000000000000000000000000000000000000000000000000000000000000000000.00000
 4.50000 9.00000 4.50000 -19928437647919770000000000000000000000000000000000000000000000000000000000000000000000000.00000
 4.50000 9.00000 9.00000 308927009483990270000000000000000000000000000000000000000000000000000000000000000000000.00000
 4.50000 9.00000 13.50000 -65375867600244590000000000000000000000000000000000000000000000000000000000000000000000.00000
 4.50000 9.00000 18.00000 -60692065018838144000000000000000000000000000000000000000000000000000000000000000000000000.00000
 4.50000 13.50000 0.00000 -4483353452178504400000000000000000000000000000000000000000000000000000000000000000000000.00000
 4.50000 13.50000 4.50000 -24436781364308183000000000000000000000000000000000000000000000000000000000000000000000000.00000
 4.50000 13.50000 9.00000 -14266687385469005000000000000000000000000000000000000000000000000000000000000000000000000.00000
 4.50000 13.50000 13.50000 -14042876792747762000000000000000000000000000000000000000000000000000000000000000000000000.00000
 4.50000 13.50000 18.00000 -64008749516336990000000000000000000000000000000000000000000000000000000000000000000000000.00000
 4.50000 18.00000 0.00000 -13760765998958565000000000000000000000000000000000000000000000000000000000000000000000000.00000
 4.50000 18.00000 4.50000 -52088069110985010000000000000000000000000000000000000000000000000000000000000000000000000.00000
 4.50000 18.00000 9.00000 -33752013975466410000000000000000000000000000000000000000000000000000000000000000000000000.00000
 4.50000 18.00000 13.50000 3544680899715716000000000000000000000000000000000000000000000000000000000000000000000000.00000
 4.50000 18.00000 18.00000 13866726825898156000000000000000000000000000000000000000000000000000000000000000000000000.00000
 9.00000 0.00000 0.00000 46601572082086346000000000000000000000000000000000000000000000000000000000000000000000000.00000
 9.00000 0.00000 4.50000 8887065742976057000000000000000000000000000000000000000000000000000000000000000000000000.00000
 9.00000 0.00000 9.00000 22042095175539203000000000000000000000000000000000000000000000000000000000000000000000000.00000
 9.00000 0.00000 13.50000 49197814627379894000000000000000000000000000000000000000000000000000000000000000000000000.00000
 9.00000 0.00000 18.00000 40993243979158696000000000000000000000000000000000000000000000000000000000000000000000000.00000
 9.00000 4.50000 0.00000 2474727580918118800000000000000000000000000000000000000000000000000000000000000000000000.00000
 9.00000 4.50000 4.50000 4887298275848487000000000000000000000000000000000000000000000000000000000000000000000000.00000
 9.00000 4.50000 9.00000 34381988865591080000000000000000000000000000000000000000000000000000000000000000000000000.00000
 9.00000 4.50000 13.50000 42288068519115980000000000000000000000000000000000000000000000000000000000000000000000000.00000
 9.00000 4.50000 18.00000 -19646424169992592000000000000000000000000000000000000000000000000000000000000000000000000.00000
 9.00000 9.00000 0.00000 7476771588808399000000000000000000000000000000000000000000000000000000000000000000000000.00000
 9.00000 9.00000 4.50000 18169483642788887000000000000000000000000000000000000000000000000000000000000000000000000.00000
 9.00000 9.00000 9.00000 43110803601460010000000000000000000000000000000000000000000000000000000000000000000000000.00000
 9.00000 9.00000 13.50000 29326130047092720000000000000000000000000000000000000000000000000000000000000000000000000.00000
 9.00000 9.00000 18.00000 -68613707603752130000000000000000000000000000000000000000000000000000000000000000000000000.00000
 9.00000 13.50000 0.00000 34852751015488760000000000000000000000000000000000000000000000000000000000000000000000000.00000
 9.00000 13.50000 4.50000 29365865845286765000000000000000000000000000000000000000000000000000000000000000000000000.00000
 9.00000 13.50000 9.00000 42597969225023780000000000000000000000000000000000000000000000000000000000000000000000000.00000
 9.00000 13.50000 13.50000 23510257335193313000000000000000000000000000000000000000000000000000000000000000000000000.00000
 9.00000 13.50000 18.00000 -71964917923737860000000000000000000000000000000000000000000000000000000000000000000000000.00000
 9.00000 18.00000 0.00000 50841315203107110000000000000000000000000000000000000000000000000000000000000000000000000.00000
 9.00000 18.00000 4.50000 20532861060391356000000000000000000000000000000000000000000000000000000000000000000000000.00000
 9.00000 18.00000 9.00000 31031286864521980000000000000000000000000000000000000000000000000000000000000000000000000.00000
 9.00000 18.00000 13.50000 36578824204299626000000000000000000000000000000000000000000000000000000000000000000000000.00000
 9.00000 18.00000 18.00000 -9253365820358120000000000000000000000000000000000000000000000000000000000000000000000000.00000
 13.50000 0.00000 0.00000 84191815683061080000000000000000000000000000000000000000000000000000000000000000000000000.00000
 13.50000 0.00000 4.50000 24043970924265868000000000000000000000000000000000000000000000000000000000000000000000000.00000
 13.50000 0.00000 9.00000 16685756000001047000000000000000000000000000000000000000000000000000000000000000000000000.00000
 13.50000 0.00000 13.50000 19044001101457792000000000000000000000000000000000000000000000000000000000000000000000000.00000
 13.50000 0.00000 18.00000 -22487250630431760000000000000000000000000000000000000000000000000000000000000000000000000.00000
 13.50000 4.50000 0.00000 -5834784747641723000000000000000000000000000000000000000000000000000000000000000000000000.00000
 13.50000 4.50000 4.50000 -2961258901590136300000000000000000000000000000000000000000000000000000000000000000000000.00000
 13.50000 4.50000 9.00000 29416245973208867000000000000000000000000000000000000000000000000000000000000000000000000.00000
 13.50000 4.50000 13.50000 31911406379983790000000000000000000000000000000000000000000000000000000000000000000000000.00000
 13.50000 4.50000 18.00000 -51176324502787330000000000000000000000000000000000000000000000000000000000000000000000000.00000
 13.50000 9.00000 0.00000 -16516601821241908000000000000000000000000000000000000000000000000000000000000000000000000.00000
 13.50000 9.00000 4.50000 12420645702837308000000000000000000000000000000000000000000000000000000000000000000000000.00000
 13.50000 9.00000 9.00000 55719611413578860000000000000000000000000000000000000000000000000000000000000000000000000.00000
 13.50000 9.00000 13.50000 47132913282289284000000000000000000000000000000000000000000000000000000000000000000000000.00000
 13.50000 9.00000 18.00000 -67377005250009170000000000000000000000000000000000000000000000000000000000000000000000000.00000
 13.50000 13.50000 0.00000 23432223537033050000000000000000000000000000000000000000000000000000000000000000000000000.00000
 13.50000 13.50000 4.50000 43767812026520260000000000000000000000000000000000000000000000000000000000000000000000000.00000
 13.50000 13.50000 9.00000 78293221048986130000000000000000000000000000000000000000000000000000000000000000000000000.00000
 13.50000 13.50000 13.50000 62859776852554090000000000000000000000000000000000000000000000000000000000000000000000000.00000
 13.50000 13.50000 18.00000 -53852340318872770000000000000000000000000000000000000000000000000000000000000000000000000.00000
 13.50000 18.00000 0.00000 68122117825124760000000000000000000000000000000000000000000000000000000000000000000000000.00000
 13.50000 18.00000 4.50000 59247236167751235000000000000000000000000000000000000000000000000000000000000000000000000.00000
 13.50000 18.00000 9.00000 80994428699649260000000000000000000000000000000000000000000000000000000000000000000000000.00000
 13.50000 18.00000 13.50000 77334685647027060000000000000000000000000000000000000000000000000000000000000000000000000.00000
 13.50000 18.00000 18.00000 -1860784806311224000000000000000000000000000000000000000000000000000000000000000000000000.00000
 18.00000 0.00000 0.00000 65021881457780860000000000000000000000000000000000000000000000000000000000000000000000000.00000
 18.00000 0.00000 4.50000 -11920261136640104000000000000000000000000000000000000000000000000000000000000000000000000.00000
 18.00000 0.00000 9.00000 -32618424126245170000000000000000000000000000000000000000000000000000000000000000000000000.00000
 18.00000 0.00000 13.50000 -46114399366915754000000000000000000000000000000000000000000000000000000000000000000000000.00000
 18.00000 0.00000 18.00000 -109932483953324420000000000000000000000000000000000000000000000000000000000000000000000000.00000
 18.00000 4.50000 0.00000 -89333567346756320000000000000000000000000000000000000000000000000000000000000000000000000.00000
 18.00000 4.50000 4.50000 -81984330730606270000000000000000000000000000000000000000000000000000000000000000000000000.00000
 18.00000 4.50000 9.00000 -37443980194452080000000000000000000000000000000000000000000000000000000000000000000000000.00000
 18.00000 4.50000 13.50000 -25367168337491470000000000000000000000000000000000000000000000000000000000000000000000000.00000
 18.00000 4.50000 18.00000 -109574463535568410000000000000000000000000000000000000000000000000000000000000000000000000.00000
 18.00000 9.00000 0.00000 -138931632084215950000000000000000000000000000000000000000000000000000000000000000000000000.00000
 18.00000 9.00000 4.50000 -88088740860275570000000000000000000000000000000000000000000000000000000000000000000000000.00000
 18.00000 9.00000 9.00000 -14166541557723458000000000000000000000000000000000000000000000000000000000000000000000000.00000
 18.00000 9.00000 13.50000 3640320456005874000000000000000000000000000000000000000000000000000000000000000000000000.00000
 18.00000 9.00000 18.00000 -99059521829840760000000000000000000000000000000000000000000000000000000000000000000000000.00000
 18.00000 13.50000 0.00000 -109459117051358420000000000000000000000000000000000000000000000000000000000000000000000000.00000
 18.00000 13.50000 4.50000 -59035073990298230000000000000000000000000000000000000000000000000000000000000000000000000.00000
 18.00000 13.50000 9.00000 11852967361419285000000000000000000000000000000000000000000000000000000000000000000000000.00000
 18.00000 13.50000 13.50000 25920322148462365000000000000000000000000000000000000000000000000000000000000000000000000.00000
 18.00000 13.50000 18.00000 -78002509048738750000000000000000000000000000000000000000000000000000000000000000000000000.00000
 18.00000 18.00000 0.00000 -52958358395780624000000000000000000000000000000000000000000000000000000000000000000000000.00000
 18.00000 18.00000 4.50000 -35258174147077110000000000000000000000000000000000000000000000000000000000000000000000000.00000
 18.00000 18.00000 9.00000 14288473601216730000000000000000000000000000000000000000000000000000000000000000000000000.00000
 18.00000 18.00000 13.50000 28955581689556058000000000000000000000000000000000000000000000000000000000000000000000000.00000
 18.00000 18.00000 18.00000 -48069372092484606000000000000000000000000000000000000000000000000000000000000000000000000.00000

